1 0 0 29
1 1 0 29
1 2 0 29
1 3 0 29
1 4 0 29
1 5 0 29
1 6 0 29
1 7 0 29
1 8 0 29
1 9 0 29
1 10 0 29
1 11 0 29
1 12 0 29
1 13 0 29
1 14 0 29
1 15 0 29
1 16 0 29
1 17 0 29
1 18 0 29
1 19 0 29
1 20 0 29
1 21 0 29
1 22 0 29
1 23 0 29
1 24 0 29
2 25 0 29
2 26 0 29
2 27 0 29
2 28 0 29
2 29 0 29
2 30 0 29
2 31 0 29
2 32 0 29
2 33 0 29
2 34 0 29
2 35 0 29
2 36 0 29
2 37 0 29
2 38 0 29
2 39 0 29
2 40 0 29
2 41 0 29
2 42 0 29
2 43 0 29
2 44 0 29
2 45 0 29
2 46 0 29
2 47 0 29
2 48 0 29
2 49 0 29
3 50 0 29
3 51 0 29
3 52 0 29
3 53 0 29
3 54 0 29
3 55 0 29
3 56 0 29
3 57 0 29
3 58 0 29
3 59 0 29
3 60 0 29
3 61 0 29
3 62 0 29
3 63 0 29
3 64 0 29
3 65 0 29
3 66 0 29
3 67 0 29
3 68 0 29
3 69 0 29
3 70 0 29
3 71 0 29
3 72 0 29
3 73 0 29
3 74 0 29
4 75 0 29
4 76 0 29
4 77 0 29
4 78 0 29
4 79 0 29
4 80 0 29
4 81 0 29
4 82 0 29
4 83 0 29
4 84 0 29
4 85 0 29
4 86 0 29
4 87 0 29
4 88 0 29
4 89 0 29
4 90 0 29
4 91 0 29
4 92 0 29
4 93 0 29
4 94 0 29
4 95 0 29
4 96 0 29
4 97 0 29
4 98 0 29
4 99 0 29
